17409488245
51711527614
23221685761
89279543123
34113874277
93198650286
82486509006
13893446066
18496378829
13598407636
15420973726
91657541200
14607177773
35998182660
38012509478
35120164061
89841439880
87783837107
34965109968
34849925533
37438088068
19897228289
87815861242
58626539246
18211976295
20039181953
25258677229
41969825549
12508393967
99769357665
82544161633
55328253618
62146291503
64929344059
63428875812
57444442930
77873038252
63729753432
11325351222
64070340053
10675004549
56482168314
84920706070
56738492657
74579830223
67155402606
11173004830
12903885770
89307478371
75834501456
20356667677
19162727651
39959265324
44279237315
78583241159
51064530891
34746365281
43155221748
23630352807
22591085079
95341048592
54139582796
17719034175
33241290874
56807743136
30190429314
82055932874
81435526892
95945058801
32227031337
79558378379
39182801848
60930087635
65839483976
45861551964
54253268266
39456253566
14462682551
21517600243
36282343436
84739800880
51436392198
23402319898
91351425389
28701481935
97980147555
59282450440
51159083872
69381033848
71541373585
69089360697
89415666667
14061214952
34152316882
77126049460
36245881214
98245299838
69866238262
75782780208
92820552767